 F
        6100       76783           3         400
    0.328344693069590051E+03    0.346636205797682237E+03
 T
   2
    0.200000000000000000E+01    0.300000000000000000E+01    0.104999999999999996E+00    0.895000000000000018E+00
   0
   0
 T T     0           0
    0.000000000000000000E+00   -0.100000000000000002+101    0.000000000000000000E+00
 T F     1          42
    0.584871902851785247E-09    0.328344330946096761E+03    0.346640385688977005E+03
 F F     1         358
    0.101827754328502703E-05    0.320420986749459530E+03    0.335095572694280406E+03
